--- 
  version: 
    config: 1541523898
    puppet: "3.8.7"
  resources: 
    changed: 0
    failed: 0
    failed_to_restart: 0
    out_of_sync: 0
    restarted: 0
    scheduled: 0
    skipped: 0
    total: 7
  time: 
    config_retrieval: 0.50386959
    filebucket: 7.1706e-05
    schedule: 0.00023992400000000003
    total: 0.50418122
    last_run: 1541523898
  changes: 
    total: 0
  events: 
    failure: 0
    success: 0
    total: 0